function exercise_5()
%EXERCISE_5 練習問題5
%  

A = [
    1.1 2.0 3.0
    0 0.95 1.20
    1.2 0.01 10.5
    ];
B = [
    1.0
    0.0
    0.847
    ];

P = icare();

end

